11100000000000000000000000000000000000000000000000000000000000000000000000000000
00010000000000000000000000000000000000000000000000000000001000000000000000000000
11001000000000000000000000000000000000000000000000000000001100000000000000000000
11010110000000000000000000000000000000000000000000000000000010000000000000000000
11001001000000000000000000000000000000000000000000000000011011100000000000000000
01010001000000000000000000000000000000000000000000000000100010110000000000000000
00101101000000000000000000000000000000000000000000000000000011101000000000000000
00001010000000000000000000000000000000000000000000000000011010101100000000000000
00011110000000000000000000000000000000000000000000000000000101101000000000000000
00011110000000000000000000000000000000000000000000000000000000001000000000000000
00011111000000000000000000000000000000000000000000000000000000000000000000000000
00010001100000000000000000000000000000000000000000000000000100000100000000000000
00000010010000000000000000000000000000000000000000000000000010000100000000000000
00000001001000000000000000000000000000000000000000000000000000010010000000000000
00000000000100000000000000000000000000000000000000000000000000000001000000000000
00000000000110011100000000000000000000000000000000000000000000000000110001000000
00000000001011100010000000000000000000000000000000000000000000000000000111100000
00000000000011010010000000000000000000000000000000000000000000000001000000010000
00000000000011110101000000000000000000000000000000000000000000000000000011111000
00000000000111001010100000000000000000000000000000000000000000000000000010101000
00000000000000010000010000000000000000000000000000000000000000000000100001111100
00000000000000001111010000000000000000000000000000000000000000000000010010000010
00000000000000000111010000000000000000000000000000000000000000000000000001001011
00000000000000000000000000000000000000000000000000000000000000000000000001001000
00000000000000000000000000000000000000000000000000000000000000000000000000010000